	1.05,1.43,1.19,1.03,1.36,1.41,0.91,0.41,1.40,1.48,1.05,1.23,1.09,0.99,1.24,1.15,0.89,2.00,2.97,2.00,2.79,2.67,2.40,1.86,1.65,1.80,2.12,2.87,2.91,2.50,2.29,2.84,2.42,1.52,2.93,1.64,1.68,2.59,2.83,2.52,
	0.94,0.76,0.59,1.25,1.39,1.44,0.67,0.90,0.38,1.33,1.21,1.18,1.33,1.36,1.23,1.18,1.97,2.48,2.21,2.47,2.31,2.65,2.23,2.15,1.95,2.01,2.48,1.62,2.59,2.67,2.00,1.93,1.54,1.88,2.84,2.25,2.40,1.69,2.31,1.76,
        1.43,0.91,1.06,1.35,1.34,1.10,1.25,0.64,1.01,1.21,1.37,1.29,1.41,1.09,0.75,0.55,2.06,1.76,2.18,2.60,1.84,2.18,2.54,2.51,2.27,1.51,2.67,2.48,2.06,2.66,2.37,2.05,2.59,2.17,2.45,1.75,1.87,2.77,2.54,1.84,
        1.19,1.19,1.06,1.22,0.73,1.08,1.31,1.31,1.49,1.37,1.06,1.17,1.46,1.14,0.72,2.93,2.94,2.97,2.13,1.67,2.55,2.88,1.74,2.67,1.88,1.97,2.44,2.39,1.60,2.67,2.38,2.41,1.56,1.93,2.46,2.05,2.49,2.56,2.57,2.12,
        1.36,1.41,1.38,1.04,1.24,0.99,0.88,0.85,0.87,0.76,0.71,1.28,1.49,1.14,1.53,1.76,1.59,1.72,1.85,1.85,1.81,1.67,2.19,2.31,2.26,2.26,2.37,2.18,2.55,1.91,2.26,2.05,1.75,2.63,1.73,2.49,2.34,2.39,1.77,2.40,
        1.34,1.07,1.47,1.43,1.40,1.46,0.96,1.23,1.48,1.06,1.22,1.37,1.34,1.40,1.66,2.18,2.58,2.03,1.63,2.73,1.75,2.44,2.39,1.56,2.02,2.93,2.05,2.19,1.90,1.88,2.86,2.35,2.59,5.04,4.24,2.60,2.14,2.19,2.32,1.88,
        1.15,0.65,1.11,1.32,1.45,0.66,1.11,1.10,1.29,1.35,1.37,0.58,1.43,1.78,2.03,1.99,2.36,1.85,2.63,2.39,1.63,2.08,1.85,1.67,2.94,2.81,1.72,1.74,1.93,1.91,2.19,1.58,1.59,3.15,3.73,3.79,1.88,1.58,2.14,1.92,
        1.48,2.27,1.18,1.37,1.34,1.47,1.37,0.74,1.29,0.91,1.47,2.12,0.99,2.63,2.98,1.88,1.82,1.97,2.79,1.63,2.91,1.93,1.75,1.87,2.13,2.18,2.04,1.77,2.81,2.35,1.75,2.42,2.22,3.68,4.09,5.11,2.50,2.42,2.73,1.86,
        1.28,1.32,1.15,1.19,1.06,1.17,1.39,1.43,1.39,1.12,1.18,2.82,1.89,1.77,2.84,1.62,1.52,1.58,1.90,2.86,2.28,1.64,1.82,2.80,1.60,1.77,2.42,2.12,2.23,1.75,1.99,1.59,2.74,5.01,3.46,3.43,2.49,2.06,2.75,2.02,
        1.15,1.47,0.90,1.26,1.30,1.23,1.47,1.14,1.29,1.44,1.29,1.56,2.44,2.21,1.89,2.89,1.93,1.75,1.76,2.09,1.56,2.79,1.91,1.63,2.19,2.43,2.01,2.60,2.44,2.31,3.03,2.72,2.42,3.47,4.04,3.10,2.05,2.18,1.69,2.36,
        1.16,1.48,1.25,1.46,1.36,1.30,1.33,1.31,1.42,1.38,1.23,2.91,2.20,1.64,2.09,1.80,1.91,1.61,2.80,2.67,1.69,1.69,2.12,1.52,2.14,2.08,1.62,2.04,1.58,3.76,3.65,2.26,3.98,3.16,3.35,3.73,1.55,1.78,1.53,1.72,
        1.01,1.17,1.44,1.22,1.46,1.11,1.23,1.46,2.05,1.24,0.53,1.85,2.10,1.77,2.66,1.60,1.55,1.62,1.51,2.86,1.88,2.13,1.93,2.10,2.44,2.07,2.17,1.96,2.20,4.84,3.46,1.92,3.66,3.06,3.19,3.91,1.60,2.91,2.05,1.54,
        1.33,1.36,0.79,1.28,0.57,1.51,1.14,0.88,2.24,1.18,0.95,2.75,1.72,1.79,2.27,2.81,1.69,1.78,2.93,2.19,2.39,1.71,2.66,2.44,2.79,1.68,1.75,1.88,1.64,3.12,3.88,3.74,3.70,3.50,4.06,3.01,2.65,1.97,2.78,2.86,
        1.33,1.34,0.74,1.38,1.37,2.06,0.66,1.25,2.71,1.72,1.04,1.64,1.64,1.70,2.38,2.87,2.22,2.41,2.91,1.81,2.02,1.53,2.44,1.93,1.91,1.94,2.04,2.51,2.22,3.24,4.79,3.16,3.55,4.10,4.83,3.01,3.46,2.54,2.58,2.35,
        1.44,1.11,1.12,1.20,1.10,1.67,1.61,0.86,1.51,2.28,2.38,2.88,2.87,1.69,2.61,2.31,2.11,2.79,2.39,1.36,2.26,1.75,2.11,2.17,2.13,2.15,3.63,1.84,4.81,3.69,3.00,3.00,3.88,6.17,3.21,4.05,3.35,1.52,1.91,2.43,
        1.48,0.95,2.84,1.27,1.11,1.56,2.82,1.52,1.90,1.68,2.23,2.02,2.63,2.18,2.03,1.56,2.48,1.67,1.70,1.87,2.25,1.53,1.98,2.61,1.69,3.93,3.08,2.51,3.82,3.04,3.81,5.35,3.27,3.02,3.01,3.94,4.88,1.97,1.51,2.77,
        0.97,1.21,1.57,1.14,2.39,2.49,1.84,2.08,2.86,2.20,2.55,1.77,1.91,2.76,2.85,1.93,1.90,2.97,2.44,2.90,2.22,2.49,2.16,2.38,2.38,3.12,3.27,2.18,3.20,3.23,3.41,3.15,3.28,3.63,3.71,3.03,3.00,1.80,2.29,1.80,
        1.38,1.09,2.28,0.92,1.91,1.61,1.95,2.11,2.11,1.53,2.79,2.10,1.70,2.60,2.86,2.27,2.03,1.54,2.42,1.87,2.22,1.53,2.83,2.14,3.37,3.50,3.85,3.92,3.75,3.60,3.05,4.25,6.66,3.58,3.02,3.02,3.26,2.85,2.48,1.82,
        2.65,1.43,2.94,1.95,2.08,2.13,1.93,2.10,1.67,2.08,2.92,2.26,2.21,1.70,2.64,1.98,2.38,2.12,2.10,1.60,1.77,2.35,1.53,2.06,3.14,4.18,3.72,3.71,3.74,4.41,3.27,3.17,4.59,3.43,3.44,4.38,3.45,1.55,2.31,2.23,
        2.85,1.67,2.68,2.90,2.34,2.73,2.47,2.69,2.18,2.25,2.53,2.97,2.11,2.06,2.03,1.69,2.62,1.78,1.73,2.52,2.95,1.70,1.74,1.98,3.13,3.82,3.15,3.18,3.19,3.13,3.06,3.14,3.59,3.08,3.02,3.06,3.56,3.92,2.27,2.68,
        1.70,1.74,2.97,2.28,1.91,1.78,2.51,2.05,2.34,1.70,1.80,1.72,1.82,1.81,1.91,1.80,2.12,1.68,1.70,2.36,1.98,2.62,2.09,2.30,3.32,3.48,3.45,3.06,3.02,3.80,5.45,4.00,3.44,3.52,3.39,4.90,3.11,3.75,2.37,2.04,
        2.58,2.59,2.26,1.60,1.52,1.60,1.74,2.08,2.21,2.77,2.49,1.93,1.91,2.60,2.15,2.97,2.20,1.88,1.86,1.59,1.57,2.04,2.60,2.59,3.15,3.30,3.34,4.74,3.02,3.50,3.73,3.26,3.07,4.30,3.05,3.46,3.96,3.10,2.32,2.85,
        1.55,2.34,1.52,2.12,2.49,2.78,1.91,1.66,1.75,2.42,2.09,2.83,2.00,2.07,1.67,2.07,1.69,2.50,1.54,2.18,2.04,2.08,2.44,1.73,3.93,3.27,3.00,3.44,3.01,3.43,3.10,3.00,4.04,3.03,3.36,3.16,3.82,4.95,1.69,1.58,
        2.71,2.55,2.80,1.87,2.30,2.86,2.74,2.95,2.13,1.71,1.65,2.00,2.71,2.14,2.17,2.08,2.03,2.85,1.62,2.46,1.67,1.79,2.04,1.65,3.25,3.03,3.06,4.24,3.69,3.35,4.44,3.59,3.34,3.22,3.16,3.06,3.49,4.30,2.87,1.66
         
        
        
        
        
       
        
        
        
        
       
        
        
        
        
        
        
        
        
        
        
        
        
        
        